0 0 11 5 2 3 4 6 0 7 1 
0 0 18 5 0 3 4 6 2 7 1 
0 0 12 5 2 3 4 0 6 7 1 
0 0 10 5 2 3 4 6 7 0 1 
0 0 19 0 5 3 4 6 2 7 1 
0 0 17 5 3 0 4 6 2 7 1 
0 0 13 0 2 3 4 5 6 7 1 
0 0 7 5 2 3 4 1 6 7 0 
0 0 13 5 2 3 0 4 6 7 1 
0 0 17 5 0 3 4 2 6 7 1 
0 0 17 5 2 0 4 6 7 3 1 
0 0 9 5 2 3 4 6 7 1 0 
0 0 18 6 5 3 4 0 2 7 1 
0 0 16 4 5 3 0 6 2 7 1 
0 0 6 1 5 3 4 6 2 7 0 
0 0 10 2 5 3 4 6 0 7 1 
0 0 10 5 3 7 4 6 2 0 1 
0 0 16 5 3 4 0 6 2 7 1 
0 0 12 2 0 3 4 5 6 7 1 
0 0 12 4 2 3 0 5 6 7 1 
0 0 0 1 2 3 4 5 6 7 0 
